AnimalID	SampleID	Age	Strain	Organ	Il1b	Tgfb1	Il1a	Il6	Il10	Ccl5	Hmgb1	Tnf	Cxcr3	Th	Dbh	Adrb2	Adrb1	Adra1a	Adra1b	Cacna1d	Gja1	Ace	Agt	Agtr1	Ren	Agtrap
4S-1	4S-AD-1	4	SHR	Adrenal	0.924069723	0.258732285	0.223031977	0	1.598360688	0.177142198	0.617130011	0.653113045	1.307427573	0.070075886	-0.326485333	0.186655515	-4.32147412	-0.556230848	0.071784535	1.217610893	1.037829038	0	-1.659169738	0.70782585	-0.222571428	0.58633247
4S-2	4S-AD-2	4	SHR	Adrenal	0.730528823	0.139195175	0.079807067	-0.148240556	-1.729508723	0.040533658	0.11508355	-1.626418185	-2.419619808	-2.445841771	-2.636930793	-0.186655515	-0.806496611	1.840420683	0.110790935	-0.524071728	0.344742664	0	0.049687523	-0.10376738	-0.163340088	-0.08705972
4S-3	4S-AD-3	4	SHR	Adrenal	1.816203978	0.6701854	-0.862776457	-1.376868645	0.684236623	-0.216201278	1.281873815	1.31486587	0.575082638	0.994929304	0.604453323	0.48158424	-1.335540563	-0.685262843	-0.07094653	-0.054570753	1.201236509	0.088905605	-1.382440053	0.961758565	0.163340088	0.723562735
4W-1	4W-AD-1	4	WKY	Adrenal	-1.112615918	-1.122517895	1.165690245	0.411746846	-0.684236623	-0.550638173	-0.65707374	-0.653113045	-0.575082638	-0.346914891	-0.044258073	-1.041626055	0	0.607776993	-0.593576955	0.054570753	-1.356963757	0	1.385874793	-1.45668509	8.475893143	-0.72240119
4W-2	4W-AD-2	4	WKY	Adrenal	-0.766029908	-0.139195175	-1.165690245	2.03320945	-3.341184873	0.542345908	-0.11508355	-1.027006365	-1.110790658	0.810742789	0.576127648	-0.406143695	-0.356884146	0.241899853	-0.532931385	0.551057343	-0.344742664	0	0.718162113	0.10376738	-1.050152568	0.08705972
4W-3	4W-AD-3	4	WKY	Adrenal	-0.730528823	-1.22400814	0.744731006	0.15507622	1.186635173	-0.040533658	-0.252884755	2.37174161	1.695228228	-0.070075886	0.044258073	1.45111705	2.370483455	-0.241899853	0.07094653	-0.267715263	-1.479982822	-0.429249615	-0.049687523	-1.186620705	6.724270588	-0.314501325
4S-1	4S-BS-1	4	SHR	Brainstem	0.0150401	-0.270095575	0.35824626	-0.445173788	-2.479201348	1.41039221	-1.716105661	1.570958015	1.31021168	-10.57305049	-3.866905333	2.52701435	1.520491833	4.13707164	5.37482203	-3.88705876	-1.059355928	0.46336404	-2.55112514	-1.9471977	5.79526223	-1.8137409
4S-2	4S-BS-2	4	SHR	Brainstem	0.514169135	0	2.414989975	0.445173788	-0.241094183	1.924576665	-1.008350076	2.44278735	1.920087095	-8.591994505	-10.90858352	3.551748345	3.053389268	5.253711625	6.474463015	-1.539327785	0	1.083992635	-3.098837635	-2.008165935	5.001619025	-1.253619605
4S-3	4S-BS-3	4	SHR	Brainstem	-0.57229438	0.858493745	-0.614866631	2.686822013	-0.658604908	0	1.254572879	0.245034885	0.01276184	2.91210476	2.02846211	-0.16340675	-0.919285438	-2.34457931	-0.24528675	0	1.909953641	0	-2.12728331	1.55868701	0	1.98544883
4S-4	4S-BS-4	4	SHR	Brainstem	0	0.070661395	-4.42663511	-2.243479968	0.241094183	-0.48291589	1.129663928	-0.506271245	0	1.491027062	0.83961271	-0.15097865	-0.915883578	0	0	0.29989245	1.714471337	-0.75955924	0.97915034	2.1644311	-1.66193321	1.67347604
4W-1	4W-BS-1	4	WKY	Brainstem	0.03283969	0.031760675	-0.35824626	-1.282663288	1.661061563	-0.060706	1.295830063	-0.001945105	-0.36137738	2.504525119	1.70957678	0	-2.171788078	-1.49908257	-0.1105428	0.85747155	1.777729901	-0.56356494	0	2.66743389	-0.12080236	1.50298359
4W-2	4W-BS-2	4	WKY	Brainstem	-1.42455541	-1.441230565	-2.47164726	1.30385664	0.626506042	0	-0.808713971	-0.879065195	-0.73780792	0	-0.83961271	-0.96847864	-1.386288784	-5.1616008	-1.48725073	-1.46530418	-0.308991087	-2.85218928	0.43835937	0	-1.0166864	0
4W-3	4W-BS-3	4	WKY	Brainstem	-2.653945535	-2.03799076	2.492583705	1.853323268	1.164396518	-3.965479605	0	0	-2.025525745	-2.944788385	-3.544506085	0.967673395	0.915883578	3.636942155	2.920330735	0.292131095	-1.19909721	0.236383945	6.002255509	-3.060106115	11.29103305	-0.509810515
4S-2	4S-K-2	4	SHR	Kidney	-0.19922921	-0.1528868	-0.03611182	-1.295002913	-0.855194938	0.60123392	-0.561804936	-3.1528556	-1.201931288	-1.19617206	-2.215812498	-0.13286274	-1.067447745	0.028517375	0.362427755	-0.37690011	-0.24623424	-0.4764213	0.206806197	-1.605999238	0.164531988	-0.23473172
4S-3	4S-K-3	4	SHR	Kidney	-0.41502441	0.1528868	1.65833583	1.319955728	1.877366798	-0.41010515	0.649620407	0.31024601	2.034553933	-0.33905123	-0.501151498	1.24184399	0.877139915	0.365664025	-0.185308495	0.11803526	0.303618526	0.066636	0.002827722	0.598682183	1.310244874	0.23473172
4S-4	4S-K-4	4	SHR	Kidney	-2.265147395	0.415298665	-0.111800615	0.580031143	1.283686833	-0.632716655	-0.670319011	0.460444975	1.201931288	-0.392821985	-0.448071023	-0.201741295	0.80604468	0.24216623	1.29765863	-0.273357985	-0.772331335	0.950273175	1.226224269	-0.598682183	-0.488280445	1.054882445
4W-1	4W-K-1	4	WKY	Kidney	1.18051205	-0.32072501	0.03611182	-0.580031143	-0.411471973	0.26331681	0.281951825	0.22578235	-1.957380398	0.33905123	0.448071023	0.13286274	-0.055921515	-0.028517375	0.042465075	-0.08197557	0.152013037	0.25132725	-0.002827722	1.343539703	0.117698671	-0.24677746
4W-2	4W-K-2	4	WKY	Kidney	0.19922921	-0.31049278	0.1502874	1.183842818	-1.283686833	-0.26331681	-0.281951825	-0.66687918	-1.595661678	1.912493746	2.790011273	0.43610029	0.055921515	-0.275310535	-0.042465075	0.08197557	-0.152013037	-0.066636	-0.056529791	-0.660368828	-0.117698671	-0.54215373
4W-3	4W-K-3	4	WKY	Kidney	3.95969197	2.01034397	-4.48404274	-4.457850713	-1.523471663	4.49147256	1.018097968	-0.22578235	1.951559353	4.296397518	4.637669843	-0.63345275	-2.898280005	-6.602371045	-4.720736405	0.12792574	2.53502667	-1.46505979	-5.470583894	5.185859943	-11.00821305	1.80607716
4S-1	4S-LI-1	4	SHR	Liver	0	0.12298968	-3.446661012	-1.669419871	-0.91863133	0.547405825	0.03699953	-2.54222663	-0.581184885	9.150650468	6.201506265	-1.24917518	-5.689369385	-3.85389946	-4.4305263	0.22744853	6.501321396	-1.44764326	-2.02368367	0	-7.52776746	-1.95347644
4S-2	4S-LI-2	4	SHR	Liver	-0.11936383	0.08599597	-1.901358463	-0.007261626	-4.17180254	0.324625975	-1.20000583	2.48115411	0.883135605	-6.594244303	-5.009259535	0	0.181788665	0.29691801	0	-1.08175166	0	0	0	-1.18742775	-1.15227767	0.35886661
4S-3	4S-LI-3	4	SHR	Liver	0.81496304	-0.64984692	-0.4660542	-1.214039565	0.14167586	-0.547428005	0	-0.15194466	0.856927965	-3.721664683	-6.554401475	-0.37265148	0.044792905	0.70496282	0.04623502	-0.15822142	-0.22653093	-0.18748058	-0.60887555	-0.07349321	-0.02133709	0.14275523
4S-4	4S-LI-4	4	SHR	Liver	-0.15886568	-0.7648911	0.308071217	-1.374677335	-1.9403994	-1.426680795	-0.243947007	-0.19138543	-0.331721105	-0.610450591	-1.849902934	-0.73210363	-1.837967615	0.29691801	-0.56330122	-0.66339612	-0.48654434	-0.14584231	-1.0096281	0.45161123	0	0
4W-1	4W-LI-1	4	WKY	Liver	2.17587869	0	-1.389107503	0.439397205	0	0.334126675	0.1598705	0	-0.353857555	-2.554081023	-2.301481839	0.13661824	-0.156131605	0	0.51500435	0	-0.09132089	1.95525647	0.5667878	0.26551372	0.36268553	0.28831989
4W-2	4W-LI-2	4	WKY	Liver	-2.87914366	-1.72073093	1.954337728	2.432741895	4.06580194	-3.167678855	-0.649719556	1.61473316	1.516540095	7.426746708	5.205203205	0.88641342	0.919327255	-0.08867184	-0.02942547	0.08971444	4.117531055	0.41226249	1.76042711	-5.32849929	5.30802723	-3.35798565
4W-3	4W-LI-3	4	WKY	Liver	1.365430995	1.100583195	1.389107503	0	3.274224545	0	0.434071365	1.714191075	0	2.554081023	0	0.267804435	0	-0.325271645	1.122638505	0.485288725	2.931082285	0.367127235	0.235199485	2.689914215	2.989865955	-0.341714115
4S-1	4S-LV-1	4	SHR	Ventricle	-1.970483415	0	0.117122647	0.288624423	0.09540993	-0.025486235	-0.61054693	0.5464343	0.581983705	0	2.59974652	1.045013315	1.485962473	0	-0.415376285	-0.735938395	-1.1094926	-1.88156625	-0.22282627	-0.371141795	0	0
4S-2	4S-LV-2	4	SHR	Ventricle	-1.666593785	-1.11149814	-0.180457538	-0.433011115	0.52332063	-0.992616245	0	1.37043878	1.619102155	-0.51722002	3.47943849	1.615949045	1.365354723	-0.26826109	-1.788084525	-0.997080155	-0.15997444	-1.86398232	-1.35321665	-0.855726475	0.25284843	-0.73248441
4S-3	4S-LV-3	4	SHR	Ventricle	0	-0.106974285	0	0.88656041	0.772612305	0	0.807245742	0.558086775	0	2.733878455	-2.976576945	0	0.170195908	0.590189455	0	0	0.888631245	1.243543595	-0.191040925	0	-1.247850755	0.001268545
4S-4	4S-LV-4	4	SHR	Ventricle	-3.207609135	-1.7931622	-0.221821557	0.626180755	0	-0.216290015	-1.21339469	0	0.442833415	2.20424096	0	0.735669195	0.228607442	-0.69910993	-1.151956905	-1.776996765	-0.99148198	0	0	-1.782516115	-1.76417801	-1.57753464
4W-1	4W-LV-1	4	WKY	Ventricle	1.444116405	0.34259067	-0.445080015	0.047460565	-5.17562728	1.003848325	1.197515082	-1.47902765	-1.056090905	-1.40035714	-1.780340455	-0.431631315	-0.170195908	2.48808739	0.843149785	0.745291865	0	1.61568184	3.50709699	0.410435135	0.25035689	2.265386018
4W-2	4W-LV-2	4	WKY	Ventricle	1.345183725	0.01468518	-0.428436009	-0.047460565	-5.60541134	0.940966125	1.050350536	-1.93786654	-1.284278555	0.63749791	-6.20360539	-0.743563445	-1.602306758	2.13920241	0.370293295	0.802998495	0.77564601	1.56539832	3.25462802	0.101927755	0.02155591	2.181402306
4W-3	4W-LV-3	4	WKY	Ventricle	0.799312425	0.58951401	7.818952035	-2.340026032	-4.23633181	4.378487465	-0.76062034	-2.32329836	-1.674672785	-2.01602379	-0.973220527	-0.599137795	-2.422258088	-5.57606839	4.937821325	1.099410595	0.43534441	-5.1784524	7.643534556	1.737573635	-4.98161349	-0.11570533
6S-1	6S-AD-1	6	SHR	Adrenal	-0.000068185	0.047793455	-0.266400855	-0.047486373	-0.177190193	0.199666683	0.527469773	-1.024933085	-0.21063513	0.42350312	-3.863586483	-0.02129008	0.454124023	-0.307673818	0.71789694	0.129194538	-0.022181675	-1.76807625	0.838921831	0.576409253	-2.04590967	0.492086275
6S-2	6S-AD-2	6	SHR	Adrenal	0.000068185	0.097854135	-0.129842895	-1.615531753	-0.469522163	0.564928763	0.768169893	-1.409120045	0.08953111	-0.56283382	-0.822089403	0.22060257	-2.061889928	-0.353853828	0.69098442	0.471489058	0.679946215	-1.17270344	0.972189413	0.719870601	-1.7232631	0.979825495
6S-3	6S-AD-3	6	SHR	Adrenal	1.015786655	-0.047793455	0.292790645	0.257526608	-0.702152383	1.083823743	-0.169530975	-0.600755645	0.38557024	0.019778654	-1.010286023	-0.64504295	-2.495554418	0.376754183	0.16710372	-1.067866213	-0.265667155	-0.40817708	-0.136618006	0.413750185	-0.47604541	-0.492086275
6W-1	6W-AD-1	6	WKY	Adrenal	-4.148033125	0.336020365	-13.7717407	1.486425938	4.900991838	-3.396790908	0.169530975	3.832073215	3.22307397	1.495581682	8.843333988	2.53552988	3.213276173	6.038466433	-3.47450176	-1.394862133	-1.517341095	4.45620826	-6.712266088	-2.292004385	3.85494238	0.728058985
6W-2	6W-AD-2	6	WKY	Adrenal	0.65087124	-0.62132341	1.25773515	-0.257526608	0.177190193	-0.199666683	-0.836151083	0.73516979	-0.129696575	1.278346315	0.822089403	-0.108057215	0.331976738	0.307673818	-0.175890136	0.101099153	0.16596508	1.516295625	-0.599636249	-0.93637431	1.460505595	-1.24069495
6W-3	6W-AD-3	6	WKY	Adrenal	-0.440368565	-0.436656695	0.129842895	-0.013658288	1.633574628	-0.276693648	-0.270215645	0.600755645	-0.08953111	-0.42350312	1.871418658	0.02129008	-0.331976738	-3.050792368	-0.16710372	-0.101099153	0.022181675	0.40817708	0.136618006	-0.413750185	0.47604541	-0.561468495
6S-1	6S-BS-1	6	SHR	Brainstem	0.210075615	-0.16227149	0.16105164	0.254787558	2.319342495	-0.128053995	-0.133233525	2.175979825	0.42563585	2.424992715	4.3632356	1.15685199	0.565146855	2.51841694	0.16094602	0.270845635	-0.02151949	0.777835975	0.115373194	-0.392325576	3.24411561	-0.32663866
6S-2	6S-BS-2	6	SHR	Brainstem	-0.217607395	-0.00288776	0.0300154	0.100882713	2.931869535	-0.063476115	0.054560065	1.510208845	1.08294613	0.802284045	5.01156525	0.7213481	0.792281145	-0.145983077	-0.16094602	-0.175661125	0.02151949	0.796921385	-0.269169866	-0.562935736	1.98575438	0.08498529
6S-3	6S-BS-3	6	SHR	Brainstem	0.063179055	-0.02599246	0.16469084	1.30385664	-0.211743745	-0.450140215	-0.513024824	0.495715585	-0.25117011	-0.253357922	-0.6911128	-0.0632216	-0.178847905	-1.20333597	-0.7075773	-0.409290185	-0.20504251	-0.615942315	-0.602024901	-0.328079609	-1.56596643	-0.08498529
6W-1	6W-BS-1	6	WKY	Brainstem	0.381865265	0.00288776	-0.16469493	-0.01261329	-0.529027985	0.279848035	-0.054560065	-0.495715585	0.00978306	-0.802284045	-0.431915301	-0.76667661	0.178847905	0.28287273	-0.2778862	-0.378702825	-0.31103201	-0.252163525	-0.115373194	0.373409465	-0.18829337	-0.10963167
6W-2	6W-BS-2	6	WKY	Brainstem	-0.063179055	0.3151108	-0.0300154	0	0.211743745	0.236789905	0.560588584	-0.561273635	-0.00978306	-0.239283771	0	0.0632216	-2.321442115	-0.28287273	0.514890674	0.270845635	0.04393196	-0.589743185	0.501277527	0.348863781	-0.37022078	1.06392813
6W-3	6W-BS-3	6	WKY	Brainstem	-0.254187935	0.09079061	-0.52687285	-0.241321203	-0.235582455	0.063476115	0.530194465	-0.803438705	-0.46938446	-1.612835225	-5.71561241	-0.14948549	-0.561406805	-1.162172335	0.439779265	0.175661125	0.21549868	0.252163525	0.480667884	0.328079609	0.18829337	1.17498042
6S-1	6S-K-1	6	SHR	Kidney	-0.370714615	-0.091270845	-0.9423612	0.13233987	-0.053196425	0.245293805	0.021279303	-0.566172895	-0.08945903	2.58563828	-1.25899511	0.056653725	-0.371008295	0.53487912	0.062032425	-3.556202495	0.189051102	-0.230856195	0.72990262	-0.38880583	0.06407114	-0.3628874
6S-2	6S-K-2	6	SHR	Kidney	0.448692395	0.156983645	-0.83307964	0.52480722	-0.803084115	-0.151560655	0.026822643	0.046137965	0.01237682	0	-0.135603838	0.278955555	0.141701135	0.16899661	-0.062032425	-1.119254765	0.14651483	0.230856195	-3.31525886	-0.44941909	-0.06407114	-0.3628874
6S-3	6S-K-3	6	SHR	Kidney	-0.080480445	0.091270845	-4.31359826	-3.0644262	-1.107625005	0.113019855	-0.021279303	-0.834864455	0.14854711	-1.89210619	-1.565684992	-0.056653725	-0.025428275	-0.16899661	-0.407201225	-2.259382765	-0.14651483	0.257393725	-2.93054799	-0.18962595	0.08724912	-0.3628874
6W-1	6W-K-1	6	WKY	Kidney	0.080480445	-1.772470775	4.32210593	-2.544318495	5.263138445	0.155279005	-1.257700148	-0.046137965	-0.68626664	-3.002127246	-0.3874426	-1.484557175	0.025428275	-9.66660207	0.733684915	3.963606915	-5.466957639	-5.293284005	10.78688858	2.78872737	-3.19924975	0.39236463
6W-2	6W-K-2	6	WKY	Kidney	0.920485185	-0.780752705	4.12244545	-3.52523238	4.610276825	-0.453759875	-0.277471788	1.468957355	0.55892121	-4.45726452	3.06247471	-0.220737145	-1.024317935	-11.66435044	-0.073229295	3.491649305	-4.908474049	-4.350305835	10.08323846	3.25594169	-0.80437381	0.3628874
6W-3	6W-K-3	6	WKY	Kidney	-0.942054795	0.346039485	0.83307964	0	0.053196425	-0.113019855	0.853203933	0.226143775	-0.01237682	3.74706627	0.3874426	1.242189235	1.762335275	1.4127828	1.093825045	1.119254765	1.766913134	0.253550235	-0.72990262	0.18962595	0.53114575	0.53531561
6S-1	6S-LI-1	6	SHR	Liver	-1.97143969	0	-1.311093618	-0.343602047	0	0.07160139	-1.58844361	0.46087546	0.0477072	-1.690939417	-1.89605564	-0.59427895	0	0.57112515	1.51949208	-1.812031325	0.10691375	0	-10.06251906	-1.57118229	0.190286345	0.34522049
6S-2	6S-LI-2	6	SHR	Liver	-2.0148548	-0.96287883	-0.323690735	0.084180616	0.68191969	-0.15439803	0	0	-0.95158118	0.100422771	1.4139112	0	0.94854194	0	0	-0.342081385	0	-0.25408702	0.05665656	0.19528569	-0.281861575	-0.63217942
6S-3	6S-LI-3	6	SHR	Liver	0	0.09136031	0.453393945	0	2.25389508	-0.57090761	0.13558662	1.04730928	-0.18021041	0	0	1.87082683	2.28409075	-0.94558645	-0.94156249	1.775140855	-0.62255973	1.97673328	0	0	-0.545798725	0
6W-1	6W-LI-1	6	WKY	Liver	0.21808639	-1.24349642	0.323690735	2.9230392	-1.70434956	0	-0.55850972	-1.14605163	0	4.66249328	4.60258726	-0.67264124	-1.43578964	-2.18857115	-1.00824847	1.422708935	-1.10988324	-0.39029195	0.82177238	1.47160474	1.818393615	-0.01897571
6W-2	6W-LI-2	6	WKY	Liver	0.096082015	0.730088485	-0.49047388	-1.194325805	-2.258696815	1.391839995	0.529274955	-0.543828815	0.562272715	-2.407776915	-3.105519815	0.538200355	-0.271493915	0.486745165	1.142046655	0	1.014391417	1.903972425	-5.789961615	-0.826019735	0	0.498180195
6S-1	6S-LV-1	6	SHR	Ventricle	0	0	-0.870109405	-4.053815915	-2.08209759	0	0	-1.58381475	-2.52608882	-0.991128648	-1.770074026	-1.12970605	-1.372552675	1.479989345	2.4985036	-1.953273585	1.953813301	1.45115346	-2.31810672	0	0	-0.53391559
6S-2	6S-LV-2	6	SHR	Ventricle	3.3432945	1.47839616	0.151520275	4.053815915	0	2.63232912	-0.58474825	1.41138016	0.81485034	2.058525303	0.295380485	0.31866499	-0.519375502	-4.900671875	0	1.763250485	-1.48357344	0	1.24154765	0.10220539	-5.82499448	0.96349405
6S-3	6S-LV-3	6	SHR	Ventricle	3.96765711	1.19526176	0.441566755	4.418580855	-1.15041923	1.39002837	0.0721081	-0.08622402	0	0.594748443	-2.430751735	0	-1.323855605	-5.209634045	-0.7778439	0.999585455	-0.87629379	-0.19463172	0	1.37394813	-6.05013136	0
6W-1	6W-LV-1	6	WKY	Ventricle	-3.16842206	-1.31019133	-0.958256865	-0.601582164	2.44383434	-3.05424452	-0.90657784	0	-2.93811754	0.349831732	-0.295380485	-1.56211924	1.323855605	2.562653025	3.03989138	-4.723437255	1.47158359	-0.63863167	-1.85469146	-0.9713939	0.35882253	0.22543732
6W-3	6W-LV-3	6	WKY	Ventricle	-1.935986355	-2.698737025	0	-5.50521723	5.263777155	-2.450572055	0.556528895	3.416911346	0.926787885	-0.594748443	7.57080368	1.537610829	1.95277431	0	-0.312611955	0	0	1.041311715	2.089157025	-0.896282535	1.740032755	-0.943656735
8S-1	8S-AD-1	8	SHR	Adrenal	-4.934836725	-1.046792135	-5.891487855	-12.33137472	0.275780378	-3.878693403	2.109266067	-1.605169225	-3.74596668	7.222051761	7.507073127	-2.601630958	-0.054502605	2.01712399	0.157318963	3.419810248	5.139636584	0.000461613	3.203765455	2.89084688	-0.069734005	3.064242693
8S-2	8S-AD-2	8	SHR	Adrenal	-5.77517592	-2.19141909	-3.48071059	-4.340273085	0.622167853	-4.999813138	1.375714694	-3.76484325	-4.813703765	7.035460105	6.83901096	-3.231776223	-1.04570676	0.296854885	-1.301095003	1.625891703	4.107311211	-0.609868113	2.56811131	2.068261615	-2.28728731	1.429851955
8S-3	8S-AD-3	8	SHR	Adrenal	-4.87555683	-1.8715498	-3.69279292	-2.283278694	-3.124351338	-4.500822928	1.19263127	-3.80084513	-4.409893235	7.507981405	7.43999703	-4.145290703	0.17168383	1.809591325	-0.889822253	1.943387233	3.96118988	-0.609868113	1.90340888	2.291919745	-0.88038453	1.178057315
8S-4	8S-AD-4	8	SHR	Adrenal	0.073115415	0.397206765	0.979490385	0.400326293	0.132885218	-0.059966913	0.061832355	0.147860635	0.53781319	-2.72702476	-3.291379115	1.264287103	0.643620725	0	0.032963703	0.528060888	-0.697645705	0.199929053	0.317035505	-0.3882051	0.122502925	-0.06330038
8W-1	8W-Ad-1	8	WKY	Adrenal	-0.073115415	-0.397206765	-0.507731815	-0.327911738	0.276820268	0.173591448	-1.113576205	-0.147860635	-0.26869086	2.72702476	3.291379115	-0.289565478	0.047672286	-0.711525381	0.143680563	-1.703474743	-0.142200575	-0.425021248	-0.317035505	-0.43620578	3.790730395	-0.56657897
8W-2	8W-AD-2	8	WKY	Adrenal	0.544445344	0.838561675	0.507731815	-0.049897248	-0.336405033	0.059966913	-0.299601458	0.592663655	0.26869086	-4.17033963	-3.459646405	0.368605953	-0.510822995	-2.37973735	-0.057742418	-0.804174603	0.142200575	0.027567773	-0.660321525	-0.16275829	0.069734005	-0.05460068
8W-3	8W-AD-3	8	WKY	Adrenal	0.636476419	0.89019269	0.84711915	0.049897248	-0.132885218	0.474498395	-0.061832355	0.49828968	0.282890515	-4.001377745	-5.08896082	0.289565478	0	-0.783570475	0.642645388	-1.198695218	-0.15155434	0.139585818	-0.58641307	-0.069051975	3.18707633	0.016781615
8W-4	8W-AD-4	8	WKY	Adrenal	0.568002245	0.794553289	0.69852403	0.122255518	-0.196754978	0.283043988	-0.274272277	0.21281687	0.504680255	-4.080812595	-5.0934021	0.372943838	0.52442137	-1.163014185	-0.032963703	-0.528060888	-0.24489973	-0.000461613	-0.55368973	0.069051975	-0.26062835	-0.016781615
8S-1	8S-BS-1	8	SHR	Brainstem	0.44916056	1.530240155	-4.060365865	-6.812471535	0	0.683363225	1.380079219	0.02286573	0.159558985	3.782163407	3.867277759	-0.334429995	-0.253064446	-2.63633714	-4.437435175	0.59347072	2.672531152	-0.602803495	-8.413528654	0.365825035	-0.50484735	2.117067875
8S-2	8S-BS-2	8	SHR	Brainstem	1.13549879	0.505818635	-1.351961105	-0.113043763	0.33502372	1.131966625	0.437410899	1.4076405	1.361495085	-5.986415065	-4.075614725	1.420950695	2.265410115	2.63633714	-0.548290535	1.23341406	0.300537555	0.602803495	0.418000744	1.314548515	0.50484735	0.241787785
8S-3	8S-BS-3	8	SHR	Brainstem	1.71540632	-0.340401125	3.294952765	-0.285979583	-0.79588223	0.254806285	-0.65053794	-0.60099309	0.181922855	0.732902025	1.314424335	-1.095595145	-1.576692455	-3.38742133	0.548290535	-0.12034601	-0.252213955	-2.759567685	-0.418000744	0.894527635	-1.76382318	-0.241787785
8W-1	8W-BS-1	8	WKY	Brainstem	-1.7388631	0.340401125	-5.291724305	-1.362198295	4.42495313	-0.254806285	-1.18693265	-0.02286573	-0.159558985	2.037373577	2.958566715	-1.229381745	-0.466346634	-5.83569753	-2.824251565	0.12034601	-0.141870974	-1.375714035	-3.723050984	-0.365825035	-1.80067309	0.772417185
8W-2	8W-BS-2	8	WKY	Brainstem	-0.44916056	-1.206721255	1.351961105	1.362198295	-2.97432284	-4.028547105	-0.24330096	0.8313358	-3.025372885	-3.290729675	-3.177399735	0.625601835	-0.153433625	3.24034011	1.396349225	-0.15862652	0.069494895	0.631604565	0.875150182	-4.083145455	12.03556297	-0.544221305
8W-3	8W-BS-3	8	WKY	Brainstem	-1.88900014	-1.424804545	2.056095705	3.927877835	-0.261505555	-4.220978645	0.24330096	-0.27361347	-4.686743645	-0.732902025	-1.314424335	0.334429995	0.153433625	2.94054614	1.728453405	-0.56840818	-0.069494895	0.641871845	1.489752358	-4.115833415	11.38925268	-0.690857405
8S-1	8S-K-1	8	SHR	Kidney	-1.85585316	-1.24274516	3.50706204	0.84720923	-0.845423564	-3.86310995	1.437967439	0.48014064	-4.24376542	-2.727630043	-3.19332716	0.38658932	0	2.34500084	2.46739744	0	0	2.28213328	5.686411102	-3.22566764	11.72225111	0
8S-2	8S-K-2	8	SHR	Kidney	2.19435697	-0.18077073	2.92238838	0	0	0.54570369	-1.36731051	0.79094316	1.66253149	-4.190665683	-4.82967385	1.25556648	0.42813705	1.26355134	2.44106285	-2.09744501	-1.72943759	0	3.74370298	0	7.31337604	-1.13681485
8S-3	8S-K-3	8	SHR	Kidney	0.25039704	0.74695273	0	0.294486246	0.265322515	-0.02691613	1.12651202	0.9846465	-0.30822235	2.017388097	1.4826085	0.28583925	-0.798808113	0.81363376	1.0116691	0.18000395	1.90391499	0.32299445	-2.2033999	0.87108423	1.22685335	1.54384661
8S-4	8S-K-4	8	SHR	Kidney	1.65733228	0.70731285	-2.22893923	-5.91026732	-1.59927901	0.24739832	1.03030886	0	-0.58283894	0.892381727	0.77541896	0	1.13453369	0	0	-0.27431445	1.901328604	1.00242586	-0.01277165	0.93378268	-1.93276825	1.14182468
8W-1	8W-K-1	8	WKY	Kidney	0	0	-0.437191961	-0.33515993	-3.07426453	0.04678049	0	-0.41169914	0.72650125	0.401576216	0	-1.36733156	-5.76624143	-2.90765809	-1.02438441	0.01772819	0.690614713	-0.56994549	-0.40605009	-0.09257833	0	0.05605353
8W-2	8W-K-2	8	WKY	Kidney	-0.81425769	0.76001947	-0.689424321	0.645621675	1.93839027	-0.02691613	-0.72838502	-1.10050801	0.58222695	-0.444183803	0.09755895	-1.66121346	-0.345728161	-2.03045695	-4.44627949	-0.24165342	-0.66803298	-1.55467703	0	-0.25967187	-2.42364349	-0.59066304
8W-3	8W-K-3	8	WKY	Kidney	-0.7725719	-0.29137162	-4.45160451	-0.63878877	2.2933201	0	-0.103698903	-1.89210798	0	0	-0.02699102	-0.84229309	-2.44642849	-2.23957911	-3.35423093	0	-0.194500321	-0.91676763	0.33664497	0.28886058	-2.86205339	-0.65008432
8S-1	8S-LI-1	8	SHR	Liver	-0.54196954	-0.88066453	0.773725055	0.539245793	-2.718706208	-2.340057335	0.057656084	-0.98718222	-3.732131868	8.12394813	4.457731838	-0.04562593	-1.86374743	0.4656838	0.820099558	0.749041265	3.320600512	-0.095632228	2.820266736	-2.089621865	4.436650958	-1.84294187
8S-2	8S-LI-2	8	SHR	Liver	-2.283630775	-0.925453445	0	0.685232798	-0.312755443	-3.2092596	-0.874013758	-1.458781235	-5.009047213	7.235435715	3.308664493	-0.337123215	-0.790372985	0.062880655	0.285457273	0	2.843307686	-0.373300783	2.048608902	-2.94393732	4.229078125	-2.894332845
8S-3	8S-LI-3	8	SHR	Liver	-1.071931605	-0.933926115	-4.071658692	-1.362198295	2.11682344	-0.049271039	-1.959713939	-0.521511636	2.272991058	1.098083778	0.298636963	-4.104109335	-0.256203817	-3.087776565	-7.572297228	-0.580236327	-2.778162943	-3.530302043	-2.119215743	-2.71909368	-1.461922698	-1.535648685
8W-1	8W-LI-1	8	WKY	Liver	1.72523721	2.05631918	-9.494223905	-2.639927808	0.535754073	0.562285025	1.113695957	0.7008153	0.119891493	0	-0.298636963	0.6502798	0	0.59454328	-0.270693113	0.824306495	0.633599243	0.408757793	-0.364194598	3.001838515	-0.522271553	1.92769597
8W-2	8W-LI-2	8	WKY	Liver	0.770221685	1.101546105	-1.294805314	-0.539245793	0.524895098	0	0.894193921	1.838378095	-0.119891493	-2.533884435	-2.396565488	0.682423075	3.919389435	-0.062880655	-0.220931208	0	-0.633599243	0.095632228	-0.288306123	3.30930561	0.153680123	1.535648685
8W-3	8W-LI-3	8	WKY	Liver	0	0.88066453	-0.946259772	0.220799437	-0.524895098	0.609212625	-0.057656084	0	1.027173373	-1.12873293	-1.764411613	0.04562593	2.6382056	-0.08880017	0.220931208	-1.094022055	-1.300758578	0.145535143	0.288306123	2.089621865	-0.153680123	1.98983597
8S-1	8S-LV-1	8	SHR	Ventricle	0.021059953	-0.41272825	1.258159235	-0.027326088	0.250233465	-0.420794615	0.365890161	0.080445618	0.4358811	0.09954849	0.235674243	0.35147038	-0.218336723	0.30344392	0.201374753	0.298197525	0.548309781	0.330788698	0.099177218	0.37745771	0.231578799	-0.106214023
8S-2	8S-LV-2	8	SHR	Ventricle	-1.382529428	0.75381332	-0.281101245	0.399465077	-3.609994575	-0.773721075	-0.543808243	-0.263912533	-3.64671374	0.12238629	-0.317752678	-0.56029806	0.406361218	-0.99772566	0.693207663	-0.335477145	0.056946123	-0.201378243	1.218797068	-1.05030819	-0.360106337	0.296732338
8S-3	8S-LV-3	8	SHR	Ventricle	-0.643579928	-0.35820676	0.621965385	0.024422017	-1.21156862	-0.030196841	-0.064359623	-2.240634033	-2.04797859	-0.09954849	-0.158121368	-0.34842694	1.876248898	-0.75622083	-0.218553498	-0.907414685	-0.131466778	-0.213608893	-0.099177218	-0.59502407	0.601204794	-0.509312123
8S-4	8S-LV-4	8	SHR	Ventricle	0.133866368	-0.632083475	0.93459236	-0.549293613	-0.30482205	0.35528544	-0.190988528	-0.333884548	-0.219454485	0.151309065	0.338406848	0.382689045	-0.302179778	0.522799145	-0.035745943	0.19009162	-0.056946123	-0.244433668	0.216306263	0.120079725	0.459681484	-0.502895498
8W-1	8W-LV-1	8	WKY	Ventricle	-1.140249003	-0.588911105	0.02036009	0.547359538	-1.37787055	0	0.064359623	-0.080445618	-1.285137135	-0.195575665	0.158121368	0.026354965	-1.125338098	0.479626775	-0.025233773	0.02129641	0.36465317	0.201378243	-0.265045334	-0.120079725	0.134031944	-0.542952878
8W-2	8W-LV-2	8	WKY	Ventricle	-0.021059953	0.403319245	-0.02036009	0.027326088	0	-1.07010524	-0.410724208	0.113446713	0.219454485	0.156599955	0.503673548	-0.026354965	0.218336723	-0.350463815	0.654000158	-0.02129641	0.121030818	1.265788883	0.65613196	-1.228384485	-0.134031944	0.106214023
8W-3	8W-LV-3	8	WKY	Ventricle	3.758606013	0.35820676	-1.874165785	-0.013929319	3.232791885	4.999043715	0.072213028	0.561264788	0.38275645	-8.67355363	-5.053721148	-0.260712	1.941007818	-0.20106107	0.025233773	0.707531205	-5.471434938	-0.498575903	-2.483307288	4.22609327	-4.992087147	2.102140948
8W-4	8W-LV-4	8	WKY	Ventricle	4.616580623	1.40772924	-4.125904865	-0.384797227	1.944820855	3.919636815	1.375159698	1.384899758	3.44967849	-10.57665666	-8.088624618	0.09623265	-0.531373193	0.20106107	-0.501365748	-0.593298845	-4.579043408	2.204321968	-1.481719008	5.74813576	-5.104950347	3.352125698
12S-1	12S-AD-1	12	SHR	Adrenal	-1.960779783	0.093363298	0.106163878	0.504327141	0.121663305	-2.404154963	0.691284533	1.847614143	-1.008676295	0.382421036	0.045568535	-0.821518445	-0.36787056	0.300498545	-2.156145118	-0.958351995	0.246023315	5.457867973	-2.546327745	-0.842318225	1.971326535	1.760253295
12S-2	12S-AD-2	12	SHR	Adrenal	0.638196458	-0.263518783	1.022419525	-3.52523238	0	-0.055575443	-0.126332603	-0.664846808	-0.553072065	-2.241269045	-2.043623765	0.141603705	-0.2045543	-8.283708455	1.020002493	0.162192395	-0.353586385	-2.346597708	1.23615729	0.653980569	-3.089272945	-0.470671065
12S-3	12S-AD-3	12	SHR	Adrenal	0.270212648	0.015995578	0.090685725	-2.340026032	-0.40599345	0.425304558	-0.856228478	-0.836099268	-0.146763625	-2.932828695	-2.362329145	-0.221780125	0.39866184	-9.493492755	0.880425273	-0.126732165	-0.340340185	-3.216691988	1.50155068	0.273617375	-3.860235865	-0.273471845
12W-1	12W-AD-1	12	WKY	Adrenal	0.158912318	-0.168307113	-0.090685725	-0.636226908	-0.75768077	0.912125378	0.126332603	-1.406736448	0.146763625	-0.852057631	-0.045568535	-0.141603705	0.2045543	-2.828970636	1.759879223	0.126732165	-0.246023315	-2.510457648	2.294650446	0.358137395	-1.971326535	0.273471845
12W-2	12W-AD-2	12	WKY	Adrenal	-0.158912318	-0.015995578	-2.18132481	3.882993505	0.386916615	0.055575443	-1.118019553	0.664846808	1.13992246	9.81124795	6.14634093	1.47091911	0.224682475	0	-0.880425273	-1.87843372	3.1645146	2.346597708	-1.23615729	-1.9429202	3.79278922	-1.22436019
12W-3	12W-AD-3	12	WKY	Adrenal	-0.936144753	0.655950898	0.838631462	0	0.6260281	-2.761844103	1.420503779	2.872770843	0.534263125	2.241269045	0.779155285	0.201291525	-1.09077875	0.741428355	-2.597773818	0.326693825	0.822998005	4.346088323	-2.668164395	-0.273617375	2.427009665	2.730047155
12S-1	12S-K-1	12	SHR	Kidney	-0.799324394	-0.892620915	0.236511681	0.025040399	3.37383087	-2.709349155	-0.716279251	0.30679729	1.75464762	5.47841188	0.493492215	0.939265375	0.282222475	0.08075177	-2.905106025	-1.429424123	0.969982923	-0.771268945	-2.287315215	-2.80053166	-0.10483632	-0.787435875
12S-2	12S-K-2	12	SHR	Kidney	0	0.875241085	-0.259474429	2.42009125	-1.73734773	-0.729870815	0.836442869	-0.30679729	0.64998891	-0.42127136	3.05171483	0.163051455	0.85901705	-0.08075177	0.011077755	0.328737518	-0.227777738	1.008145295	-0.004067215	0.47785917	1.5537415	1.289489195
12S-3	12S-K-3	12	SHR	Kidney	-0.28771623	0.029067105	0.217559719	0.77255964	0.08911621	-0.416129705	0.976127679	0.43198784	-0.64998891	-0.40266022	0	-0.751141125	1.37489679	0.43261286	-0.342471205	0.625240388	-0.524461378	0.771268945	0.004067215	-0.47785917	0.74413798	1.724530745
12W-1	12W-K-1	12	WKY	Kidney	-0.20039914	1.223496335	0.618330809	0	1.39342939	0.416129705	0.716279251	0.78500088	1.32731705	0.40266022	0.54085534	0.818849115	0	0.31455749	-0.011077755	0.226914068	0.985985553	1.410167205	-0.469843705	-0.81483442	0.10483632	0.787435875
12W-2	12W-K-2	12	WKY	Kidney	1.681090966	-0.08890138	0.062863118	-1.931441105	-0.409725465	2.315461019	-1.819292774	-1.561229755	-0.943373505	0.556881785	-0.199116865	-0.52896072	-1.582817955	-9.061058845	2.536873923	-0.226914068	-0.070633243	-5.59532715	1.91947146	0.578329476	-4.417566485	-3.33809322
12W-3	12W-K-3	12	WKY	Kidney	1.2864607	-0.029067105	-0.062863118	-1.56340461	-0.08911621	2.508094615	-1.325820899	-1.88714667	-0.66897209	-1.80006445	-0.37341209	-0.163051455	-0.72852607	-9.57105105	2.792223705	-0.344412573	0.070633243	-6.041656905	2.16976575	1.04685549	-2.96202742	-3.354438975
12S-1	12S-LI-1	12	SHR	Liver	2.31346665	0.06654385	2.925913215	-2.340026032	1.20042744	2.6312546	-0.49174409	-0.99395511	-0.29182651	-1.89380735	-1.22366013	-0.52659705	-1.43873933	-10.07077225	1.38186497	0.57135098	0	-4.09486293	4.827726175	3.4272625	-4.81582419	0
12S-2	12S-LI-2	12	SHR	Liver	-0.19276691	-0.61650288	-0.590538165	-1.39853785	-2.11060159	0	-0.10272812	-0.44735364	-0.60728177	-0.947908977	-0.76800448	0.61208545	1.38591972	1.02652345	0	-3.24394914	5.730313576	-0.59338362	-8.64063143	-2.26323096	0	-1.74998739
12S-3	12S-LI-3	12	SHR	Liver	0.88579359	0.20271503	0.590538165	0	-3.82668145	1.20944713	0.62211364	0	0.3479319	0	0	1.33383141	2.08330115	2.29773557	0.9832644	-3.49698598	6.433104507	0	-8.65911075	-1.02106761	0.70846426	-0.57836058
12W-1	12W-LI-1	12	WKY	Liver	-0.35964414	-0.3762942	-1.224883785	0.6288123	-2.11243184	1.25314637	-0.42208012	0.00240593	0.53381836	-0.947908977	-2.50757465	0	0.61523927	0.79467822	0.19412581	-5.23163022	5.1042893	-0.31743563	-8.06121541	-1.15164403	0.95698296	-0.79299676
12W-2	12W-LI-2	12	WKY	Liver	-0.69650571	0.21689012	0.150380082	0.245429464	3.6988315	-2.07029377	0	1.40449501	0.65587221	1.3629997	4.42582866	0.23500566	-0.43410839	0	-3.04471405	0	-1.75067428	1.84348457	1.0475963	0	-0.62425193	2.49912957
12W-3	12W-LI-3	12	WKY	Liver	0	0	-0.797247752	-0.312385255	2.84917155	-0.75543491	0.66836717	0.81344437	0	0.831695166	3.34795263	0	-2.2043545	-0.348716	-2.09720789	0.54228732	-0.78485723	2.4965751	0.96003964	1.34089105	-0.08167845	2.78523556
12W-4	12W-LI-4	12	WKY	Liver	0.27879654	-1.72164061	-0.24573445	-0.433437782	0	-2.02400733	1.28795445	-1.22789549	-2.45994692	0.013996642	0.14238974	-1.33010315	0	-0.42077064	-2.83769589	0.65578289	-0.14122449	1.49569961	0	1.05327488	0.01906246	2.31856193
12S-1	12S-LV-1	12	SHR	Ventricle	-0.64243905	-0.52466572	0.29031943	-0.521444275	3.036111975	-0.128283115	0.24183516	-0.4629753	0.13706978	-1.090541132	-2.489276465	0	-1.7707803	-2.580029637	-0.22398096	0.4530475	-0.97399203	-2.51349438	0	0.03997119	-0.32058035	0
12S-2	12S-LV-2	12	SHR	Ventricle	1.00480886	0	0.29765381	-2.544318495	0.600076095	0.389980555	0	-1.22086092	0	-2.104751194	-2.736442855	-0.58563352	-1.99130045	-10.89647224	0	0.09787334	0	-2.3676162	0.995060874	0.12150411	0	0.00867811
12S-3	12S-LV-3	12	SHR	Ventricle	1.31617216	-1.72468345	0.9204442	-0.862015303	-0.083433715	-0.916950235	0.22044056	-2.51796238	-0.87413405	-0.628733207	-4.231726395	-1.43134815	-3.51983735	-1.068198356	-1.07045199	0	-0.28269451	-2.09659987	0.150320633	0	-0.86134703	-0.31370138
12W-1	12W-LV-1	12	WKY	Ventricle	0.497598615	1.019162035	-6.333654315	-1.113735185	0	0	0.594837125	0.990922955	0.732732205	0.202017423	1.63012733	3.430307595	2.599815185	0.742206038	0.742185755	-2.186347245	6.094104478	5.008831785	-10.55121339	-4.389923245	5.527758115	-0.825200985
12W-2	12W-LV-2	12	WKY	Ventricle	0	-0.15618176	-4.82331041	0	-2.966574015	-0.725984245	-0.37386585	0	-0.52432057	0.687942858	2.538917355	2.07622367	1.7707803	-0.495894538	-0.37069111	-2.39094427	5.467569738	4.14172177	-6.234371362	-5.44225546	4.65786701	-1.33290023
12W-3	12W-LV-3	12	WKY	Ventricle	-0.050182395	1.262435275	-2.534928975	2.628564335	-4.35650008	0.45646663	-0.451680515	0.350271505	0.700622125	-3.138769758	0	2.721370855	3.610071965	0.495894538	0.099918915	-0.888981535	5.092864845	4.719715175	-9.210867307	-4.773302075	4.921396415	0.130462675
12W-4	12W-LV-4	12	WKY	Ventricle	-1.04525128	0.40330859	0	-0.001818421	0.864280165	1.135963085	-0.97495943	0.9275733	-0.66133319	-0.202017423	0.043814475	-1.65804533	-0.220342372	-0.188173749	0.47462178	0.13154711	-0.3113633	0	1.040192848	0.40942336	-0.02313347	0.14053415
16S-1	16S-AD-1	16	SHR	Adrenal	1.908657753	1.30847176	0	3.267649983	-0.897073283	2.960351845	0.354150113	2.056932508	2.337014235	-3.685860535	-3.160270145	2.80484133	1.53852829	1.295361005	5.551409215	-3.342974705	0.226564746	0	-7.67225204	-0.898544675	3.667228975	-0.374055245
16S-2	16S-AD-2	16	SHR	Adrenal	-0.600791998	-0.12431973	-0.745780581	0.467126136	-1.447807763	-0.339315685	0	-1.266241023	-1.390452805	5.210046824	6.824124015	-0.99405154	-4.19348372	-6.673234845	-1.918493535	3.483308985	-0.35714193	-1.01578128	1.02748763	0.528590485	-3.460901105	0.050399905
16S-4	16S-AD-4	16	SHR	Adrenal	-0.402615718	0	-3.56186299	-0.108859612	2.991979888	-0.058490805	0.87347916	-1.829265733	-0.826451845	5.716542495	6.614817435	0	-1.53852829	-3.465749055	-0.629214305	3.905394235	1.191543546	-0.30378422	0	1.649189595	-4.931879575	0.514852885
16W-1	16W-AD-1	16	WKY	Adrenal	-0.409462144	-0.646245875	0.115928494	0.357027479	-0.428539709	0	-1.205606082	-0.106210795	0	0	0	-1.266215565	-0.419739958	0	0	-1.39638383	-2.068417173	1.790221615	2.335626045	0	0	0
16W-3	16W-AD-3	16	WKY	Adrenal	0.402615718	1.005175125	4.236444975	-3.267649983	0.897073283	2.84773911	-0.676927112	1.266241023	1.49629167	-6.57297755	-3.70145066	2.741415525	2.155396665	0.99514351	5.35840443	0	0	1.736936915	-4.490881045	-1.44203248	2.17012825	-1.39337083
16S-1	16S-BS-1	16	SHR	Brainstem	0.786061293	0.25426191	0.329241573	0	-2.437827	0.333422485	0.85929361	-0.324187203	0	-2.675413128	-4.05198152	0	1.006609355	0.253232985	0.51962624	-1.359345335	0.982628064	-0.975691025	-4.20500422	0.843331458	0.805896995	0.381880925
16S-2	16S-BS-2	16	SHR	Brainstem	-0.786061293	-0.678559195	-3.688879253	-0.297778048	0.194467165	0	-0.063979735	-0.559846468	-0.605991295	0.309644378	-0.367623665	0.264522765	0	0	0.940216375	-0.50330262	0.976565715	0.3556579	-3.573501345	-0.130911018	0	-0.24840454
16S-3	16S-BS-3	16	SHR	Brainstem	-2.071723778	0	-0.229568248	0.474650145	2.49443045	-0.153766525	-1.38776079	0.723119578	1.09900989	0.137673923	0.11800839	-0.60659617	0.622605255	-0.672697775	0	-1.003702255	-1.259745455	-2.315088825	3.03228053	-0.264843303	-1.034313325	-1.792414625
16S-4	16S-BS-4	16	SHR	Brainstem	-1.125141308	-2.251792125	-0.384833837	-0.363363205	0.500052579	-1.17410015	-1.554941195	-0.28834005	-2.369182605	1.355370418	2.196726875	-3.988926865	1.88703995	0.300747	0.594478885	0	0	0.51646513	3.483440255	-0.394305963	2.95914854	-0.25245465
16W-1	16W-BS-1	16	WKY	Brainstem	3.481864608	1.784520555	0.796644008	3.646390605	-0.194467165	1.97884902	0.549703235	0.324187203	2.698574445	-1.185006023	-5.831256015	1.560976805	-0.30084141	-6.71468933	-3.252189055	1.95508568	-2.21047436	0	-0.784372955	0.795492053	-9.46101202	0
16W-2	16W-BS-2	16	WKY	Brainstem	1.249388593	2.58433282	-1.289239878	2.37929591	2.32425655	2.792430255	0	1.467766718	2.95897579	-0.309644378	0	1.15231695	-0.194106585	-7.400445365	-3.55509943	2.074950255	-3.830448405	-0.979735055	0	0.130911018	-1.352822365	0.396609445
16W-3	16W-BS-3	16	WKY	Brainstem	-3.066311833	-0.261800765	0.229568248	-0.324736345	-4.477551955	-5.34562355	2.428419738	-3.057879948	-4.201704795	4.386676968	2.978907055	-1.175822555	-1.6204855	0.19674138	-1.582325185	3.33691037	1.294745305	0.70761918	8.000779131	-0.159947338	7.344212802	1.12051333
16S-1	16S-K-1	16	SHR	Kidney	-4.942180135	-0.16603117	-3.31693582	-0.854735495	-0.03358949	-0.673026	0	-0.80834303	0.06286691	2.267093235	1.46320014	-0.23698913	1.68081747	1.87002798	1.6386544	1.33175735	1.05970422	0.98397257	3.29609055	-1.75649252	0.963318285	1.98446143
16S-2	16S-K-2	16	SHR	Kidney	-0.57841201	-3.51552577	0.091395481	-0.339823189	-0.528074445	0	-1.12120312	-0.420832869	-0.776724409	1.477380075	0.63788549	0	-0.42039736	0	0.00307984	-2.75404102	0.18814334	-0.64463173	0	0	0.21778553	-0.76605162
16S-3	16S-K-3	16	SHR	Kidney	-2.113532195	0	-0.84612468	-0.606292805	-0.776477151	-2.3684532	0.30532287	-0.99840814	-1.27205676	0.454897645	0	-0.96651746	0	1.87002798	0	0.74307073	1.6204942	0.70843705	1.14126631	-0.10770134	1.660166142	-0.00915886
16S-4	16S-K-4	16	SHR	Kidney	-0.736663337	-1.76430462	-0.027781811	0.256026365	-0.874819498	-0.34577418	-0.89669923	-0.562573084	-1.71293582	-0.454897645	0.36017696	-0.347422885	0.291177493	-0.16680322	-0.47219483	-0.45861669	-0.16946862	0.35812976	1.15332369	-2.05951036	0	0.55170859
16W-1	16W-K-1	16	WKY	Kidney	2.150315255	0.58716917	-1.553506469	1.548523682	0.4589617	1.55677477	0.18206689	3.49561335	-0.06286691	-2.052511829	-2.46583242	-0.385886685	-1.62153069	0.0569759	-2.08149281	0	-2.82792327	-0.83143893	-1.38721516	3.20141888	-6.35370323	3.56504626
16W-2	16W-K-2	16	WKY	Kidney	2.113532195	0.84670609	0.84612468	0.606292805	-1.363408785	2.89289691	-0.88942066	0	3.65321504	-0.476612635	-0.78251088	0.73469218	-0.1642994	-0.2660184	0.13045249	-0.59666696	0	-1.05158332	-0.2495539	4.16696546	-3.41663934	-0.03958254
16W-3	16W-K-3	16	WKY	Kidney	4.807905505	3.09195899	1.53480283	3.972310665	1.363408785	5.74382514	0.16999018	2.66564382	6.51378174	-4.884589025	-5.96976651	3.81498453	1.03973214	-5.31245574	-1.49562	0.06816122	-1.58116836	0	-6.84072185	1.79583799	-10.68214019	0
16S-1	16S-LI-1	16	SHR	Liver	2.563045725	1.439228945	0.800683055	0.630286495	0	1.14743823	0	0.95424404	0.99451553	0.210826933	0	1.986016575	-0.819170805	-5.178970805	-1.06056498	-0.45347891	0.555822225	-0.37495506	-2.317818245	-0.532969945	-4.898558348	-2.29689189
16S-2	16S-LI-2	16	SHR	Liver	1.74436271	1.23119719	0	0	2.248147195	1.124574105	-0.511173325	0.623237315	0.165741865	-0.298056553	-0.567376814	1.77046123	-0.33753902	-1.80568038	-0.665734695	-1.118521305	0	-0.809396925	-1.30547259	-1.60281381	-3.540657003	-2.852279575
16S-3	16S-LI-3	16	SHR	Liver	2.76941633	1.25134247	-0.05282319	0.02747412	-0.871481235	1.546308975	-0.710519195	0.350323115	0.965461155	1.339538898	0.176299781	2.58074036	1.08962929	-5.13612161	-0.183536945	-0.512655295	0.63623959	0.140054625	0	0	-1.74108106	-2.218988395
16S-4	16S-LI-4	16	SHR	Liver	0.135438318	-1.616489575	-1.572374719	-0.44493634	1.090980589	0	-2.93031839	0.044367638	0	3.586629703	8.63486079	-0.081163945	1.646952681	-1.135306465	-1.181934868	0	-1.463878405	0.084261876	-2.818357305	-0.222343825	-2.063369508	-0.924402758
16W-1	16W-LI-1	16	WKY	Liver	-1.90993902	-0.44109476	-3.058771309	-4.68892698	0.236156815	-2.580830005	2.599821335	-0.573307375	-2.463243845	-2.252800523	-1.350772615	0	0	3.2310751	0.456795575	2.961836235	-0.09671706	0.892128115	4.53971732	3.80348082	2.425918408	2.762968575
16W-2	16W-LI-2	16	WKY	Liver	-2.81050529	-1.15551736	-0.764439272	-2.131262538	-0.905221916	-4.208504545	0.713546335	-1.948881935	-4.655515355	-0.384629757	0.020431575	-0.26602406	0.249370288	1.80568038	0.456795575	1.441301125	-2.23133358	-0.140054625	4.6378394	1.64108543	2.063369508	2.218988395
16W-3	16W-LI-3	16	WKY	Liver	-1.74436271	0	-3.504559155	-5.59570946	-0.826772415	-2.743063065	2.817980433	-0.350323115	-1.606958475	-0.210826933	-1.349783505	-0.27803997	0.64373281	3.53767449	0.183536945	2.696592825	0.57384519	1.224386775	4.71749558	3.62336817	2.333836608	3.351625895
16S-1	16S-LV-1	16	SHR	Ventricle	-1.652344198	0.251331575	0	-0.67854728	2.474439283	-0.152058405	1.37564363	-1.042385735	-2.87630351	-4.713609695	-1.182930283	0.13749829	-0.730063506	-0.254067303	0.74367747	-0.024248388	-0.45188226	0	2.260328148	0.12196927	0.641170665	2.321290003
16S-2	16S-LV-2	16	SHR	Ventricle	0.448160603	0.695226715	-0.135902865	0.67854728	-0.670446268	0.152058405	3.899045076	0.092611345	-2.1081397	-5.298693495	-6.230455645	-0.44490684	-2.71924764	0.984126778	0.3733496	0.319528543	0.02621541	0.62774934	2.276600568	0.87678034	1.654343285	1.895771503
16S-3	16S-LV-3	16	SHR	Ventricle	-0.448160603	-0.95956062	-0.497863709	0.20511426	-3.705160603	-1.4300463	2.285134345	0	-3.570229385	-0.559310267	-1.437783138	-1.449732815	-4.249867755	0.254067303	-0.632634685	-0.016693233	0.023550595	0.727932255	1.527410083	-0.143193955	0.76380806	1.756823688
16S-4	16S-LV-4	16	SHR	Ventricle	-1.127891505	-0.469480985	-0.066139992	-0.148541468	0.773799258	0.018079452	0	0.289693654	1.33272411	0.161746865	2.205420025	0.42084525	3.4492733	-0.559449438	0	0.735128213	-0.70299245	-1.344671758	-0.983663314	0.29915605	-0.669628015	-3.267201888
16W-1	16W-LV-1	16	WKY	Ventricle	-0.438237165	0.089900225	-1.052199057	-0.580521227	0.234496913	-0.332650315	-1.84529005	0.165386265	1.67005534	1.339204085	2.528413665	0	0.419951037	-1.089723939	-0.482269916	-0.251991368	-1.13728343	-0.74048286	-3.604984003	0	-0.464821091	-0.591227088
16W-2	16W-LV-2	16	WKY	Ventricle	-1.240778753	-0.200186075	-0.476702567	0.290281842	0.959350509	0.520754745	-1.28721573	2.079295525	0	0.106109023	-0.128608195	-1.17021329	2.71924764	-2.172812993	-1.0417879	0.016693233	0	-3.51622124	-1.527410083	-2.26422202	-0.641170665	-1.756823688
16W-3	16W-LV-3	16	WKY	Ventricle	1.526267608	0	-0.057654794	-0.318420123	0.670446268	1.82630671	-1.495521665	-2.66363899	1.104068635	0	0	1.487308735	0.061937688	-3.876512753	-0.851885609	-0.217373893	0.276263565	-3.995669925	-6.101760028	-2.372481485	-5.52437719	-3.288848943
